85,5
85,4
78,1
78,3
76,4
76,1
76,3
79,1
79,3
84,1
84,3
88,1
88,3
85,1
85,3
86,1
86,3
91,1
91,3
80,1
80,3
83,1
83,3
0,273
0,270
3,2
3,1
3,3
10,299
10,5
10,219
10,101
10,105
10,133
10,143
10,107
8,13
8,9
8,4
8,12
8,7
8,2
8,3
26,3
26,2
26,1
20,3
20,2
20,1
19,3
19,2
19,1
12,3
12,2
12,1
11,29
11,27
18,1
11,25
18,3
11,23
11,21
11,19
11,17
11,15
11,13
11,11
11,9
14,1
11,7
14,3
11,5
13,1
11,3
13,3
11,2
11,1
10,307
10,305
10,297
10,285
10,271
10,261
10,251
10,223
10,183
10,131
10,109
10,91
10,73
10,1
10,33
10,3
10,2
9,7
9,5
9,3
9,2
9,1
8,18
8,16
8,14
2,2
8,10
2,1
8,1
2,3
8,5
0,278
0,9
0,0
